|07Welcome to the editor for x/84.

|07Like the unix vi editor, there are |10two modes|07:

|10Edit mode|07 keys:

   |11<movement>|07 any of pg/up/down, backspace, return.
   |11^w|07: delete word

|10Command mode|07 keys:

    |11enter|07: switch to edit mode
    |11s|07: save
    |11a|07: abort
    |11o|07: append new line after current and edit
    |11O|07: insert new line before current and edit

  |10<n>*|07: repeat next command |10<n>|07 times, any of:

    |11j|07: join current line with next
    |11K|07: kill current line
    |11u|07: undo
    |11G|07: goto line, or end of file without <n>
    |11<movement>|07: any of pg/up/down/home/end
    
Limited formatting is possible with ANSI Pipe codes:

   Enter a '|', followed by a digit,

   Codes 00 through 15 can be used to set the foreground color:

        ||00  -  Black|00 foreground
        ||01  -  Dark|01 blue foreground
        ||02  -  Dark|02 green foreground
        ||03  -  Dark|03 cyan foreground
        ||04  -  Dark|04 red foreground
        ||05  -  Dark|05 magenta foreground
        ||06  -  Dark|06 yellow foreground
        ||07  -  Light|07 gray foreground
        ||08  -  Dark|08 gray foreground
        ||09  -  Light|09 blue foreground
        ||10  -  Light|10 green foreground
        ||11  -  Light|11 cyan foreground
        ||12  -  Light|12 red foreground
        ||13  -  Light|13 magenta foreground
        ||14  -  Light|14 yellow foreground
        ||15  -  White|15 foreground

   Codes 16 through 256 are compatible only with xterm-256color:

|17||17|07, |18||18|07, |18||18|07, |19||19|07, |20||20|07, |21||21|07, |22||22|07, |23||23|07, |24||24|07, |25||25|07,
|26||26|07, |27||27|07, |28||28|07, |29||29|07, |30||30|07, |31||31|07, |32||32|07, |33||33|07, |34||34|07, |35||35|07,
|36||36|07, |37||37|07, |38||38|07, |39||39|07, |40||40|07, |41||41|07, |42||42|07, |43||43|07, |44||44|07, |45||45|07,
|46||46|07, |47||47|07, |48||48|07, |49||49|07, |50||50|07, |51||51|07, |52||52|07, |53||53|07, |54||54|07, |55||55|07,
|56||56|07, |57||57|07, |58||58|07, |59||59|07, |60||60|07, |61||61|07, |62||62|07, |63||63|07, |64||64|07, |65||65|07,
|66||66|07, |67||67|07, |68||68|07, |69||69|07, |70||70|07, |71||71|07, |72||72|07, |73||73|07, |74||74|07, |75||75|07,
|76||76|07, |77||77|07, |78||78|07, |79||79|07, |80||80|07, |81||81|07, |82||82|07, |83||83|07, |84||84|07, |85||85|07,
|86||86|07, |87||87|07, |88||88|07, |89||89|07, |90||90|07, |91||91|07, |92||92|07, |93||93|07, |94||94|07, |95||95|07,
|96||96|07, |97||97|07, |98||98|07, |99||99|07, |100||100|07, |101||101|07, |102||102|07, |103||103|07,
|104||104|07, |105||105|07, |106||106|07, |107||107|07, |108||108|07, |109||109|07, |110||110|07, |111||111|07,
|112||112|07, |113||113|07, |114||114|07, |115||115|07, |116||116|07, |117||117|07, |118||118|07, |119||119|07,
|120||120|07, |121||121|07, |122||122|07, |123||123|07, |124||124|07, |125||125|07, |126||126|07, |127||127|07,
|128||128|07, |129||129|07, |130||130|07, |131||131|07, |132||132|07, |133||133|07, |134||134|07, |135||135|07,
|136||136|07, |137||137|07, |138||138|07, |139||139|07, |140||140|07, |141||141|07, |142||142|07, |143||143|07,
|144||144|07, |145||145|07, |146||146|07, |147||147|07, |148||148|07, |149||149|07, |150||150|07, |151||151|07,
|152||152|07, |153||153|07, |154||154|07, |155||155|07, |156||156|07, |157||157|07, |158||158|07, |159||159|07,
|160||160|07, |161||161|07, |162||162|07, |163||163|07, |164||164|07, |165||165|07, |166||166|07, |167||167|07,
|168||168|07, |169||169|07, |170||170|07, |171||171|07, |172||172|07, |173||173|07, |174||174|07, |175||175|07,
|176||176|07, |177||177|07, |178||178|07, |179||179|07, |180||180|07, |181||181|07, |182||182|07, |183||183|07,
|184||184|07, |185||185|07, |186||186|07, |187||187|07, |188||188|07, |189||189|07, |190||190|07, |191||191|07,
|192||192|07, |193||193|07, |194||194|07, |195||195|07, |196||196|07, |197||197|07, |198||198|07, |199||199|07,
|200||200|07, |201||201|07, |202||202|07, |203||203|07, |204||204|07, |205||205|07, |206||206|07, |207||207|07,
|208||208|07, |209||209|07, |210||210|07, |211||211|07, |212||212|07, |213||213|07, |214||214|07, |215||215|07,
|216||216|07, |217||217|07, |218||218|07, |219||219|07, |220||220|07, |221||221|07, |222||222|07, |223||223|07,
|224||224|07, |225||225|07, |226||226|07, |227||227|07, |228||228|07, |229||229|07, |230||230|07, |231||231|07,
|232||232|07, |233||233|07, |234||234|07, |235||235|07, |236||236|07, |237||237|07, |238||238|07, |239||239|07,
|240||240|07, |241||241|07, |242||242|07, |243||243|07, |244||244|07, |245||245|07, |246||246|07, |247||247|07,
|248||248|07, |249||249|07, |250||250|07, |251||251|07, |252||252|07, |253||253|07, |254||254|07, |255||255|07, |256||256|07

Caveats:

Horizontal cursor positioning (insert) is not possible.
